start=233.108000
speed=1.331000
fullscreen=yes
sid=1
