start=158.325000
speed=1.210000
pause=yes
fullscreen=yes
sid=2
